.84147098480789650665
.90929742682568169539
.14112000805986722210
-.75680249530792825137
-.95892427466313846889
-.27941549819892587281
.65698659871878909039
.98935824662338177780
.41211848524175656975
-.54402111088936981340
-.99999020655070345705
-.53657291800043497166
.42016703682664092186
.99060735569487030787
.65028784015711686582
-.28790331666506529478
-.96139749187955685726
-.75098724677167610375
.14987720966295232975
.91294525072762765437
.83665563853605603186
-.00885130929040387592
-.84622040417517063524
-.90557836200662384513
-.13235175009777302890
.76255845047960273751
.95637592840450301343
.27090578830786901998
-.66363388421296750215
-.98803162409286178998
-.40403764532306500604
.55142668124169055066
.99991186010726714572
.52908268612002382083
-.42818266949615100440
-.99177885344311573683
-.64353813335699946068
.29636857870938531739
.96379538628408775326
.74511316047934878698
-.15862266880470898710
-.91652154791563378589
-.83177474262859828820
.01770192510541357780
.85090352453411842486
.90178834764880918503
.12357312274522400406
-.76825466132366679904
-.95375265275947181836
-.26237485370392878591
.67022917584337473449
.98662759204048529658
.39592515018183418150
-.55878904885161624581
-.99975517335861983659
-.52155100208691188018
.43616475524782495908
.99287264808453711816
.63673800713913788077
-.30481062110221670562
-.96611777000839294701
-.73918069664922286727
.16735570030280692152
.92002603819679068335
.82682867949010346771
-.02655115402396679446
-.85551997897532225899
-.89792768068929126040
-.11478481378318722054
.77389068155788909778
.95105465325437463665
.25382336276203627306
-.67677195688730762215
-.98514626046824737085
-.38778163540943043773
.56610763689818032361
.99952015858073124386
.51397845598753521169
-.44411266870750836850
-.99388865392337518973
-.62988799427445387856
.31322878243308515263
.96836446110018540435
.73319032007329216636
-.17607561994858707696
-.92345844700405980260
-.82181783663082254487
.03539830273366068362
.86006940581245322683
.89399666360055789051
.10598751175115685002
-.77946606961580468855
-.94828214126994723213
-.24525198546765432522
.68326171473612098369
.98358774543434485760
.37960773902752169648
-.57338187199042288494
-.99920683418635369443
-.50636564110975879365
