0.0
0.0
0.0
0.0
0.0
0.0
0.0
0.0
0.0
0.14111883712180104
-0.043027282014058955
-0.1876143164966706
-0.15970961361999322
0.015031371480286614
0.17595258296231214
0.17510380111569818
0.013265392055863624
-0.16076915728364213
-0.18699328484152256
-0.041296648679822835
0.14236793582885313
0.1951400966998562
0.06850135259967505
-0.12111721917047436
-0.1993811781959634
-0.09433500148149655
0.09744234054690945
0.19963164405486394
0.11828053466727195
-0.071817152814777
-0.19588648120068908
-0.13985868214747962
0.04475454428076413
0.1882206490934289
0.1586375571535911
-0.016796173238680722
-0.17678757941483098
-0.1742413003746794
-0.011498373324973854
0.16181610513224726
0.1863576027840828
0.039562779868350384
-0.14360588040523617
-0.19474395650669724
-0.06683533710367026
0.12252138300552226
0.1992325086157446
0.09277018461243938
-0.09898461929191657
-0.19973342071024436
-0.11684823624543597
0.07346667775017596
0.1962366670312192
0.1385875696355162
-0.046478300153757625
-0.1888122351273297
-0.1575530718770696
0.018559659063750743
0.17760872505361172
0.17336514831378294
0.009730453728606193
-0.16285037514036463
-0.18570732012826735
-0.03782581142342667
0.14483257386144568
0.19433255866774016
0.06516408524542543
-0.12391594763195739
-0.19906822972418992
-0.0911980994581793
0.10051914286809742
0.19981954880922337
0.1154067830902119
-0.07511044677629192
-0.19657147826624533
-0.1373055991740306
0.048198414581574756
0.1893890282492574
0.1564562427568253
-0.02032169079130112
-0.178415955544184
-0.1724754135770791
-0.007961771778329796
0.1638718862758242
0.18504248782190852
0.036085879431684495
-0.14604792008947087
-0.19390593541485837
-0.06348772796286219
0.12530080378953112
0.1988883543920922
0.08961886918720323
-0.10204579104981004
-0.1998900216039047
-0.1139562881354339
0.07674833110840659
0.19689088867424098
0.13601287120183264
-0.04991475279804806
-0.18995098326907972
